        0.0000000        0.0000000    0.3535503E-25
     39.00000         1.000000        0.4576095    
     40.00000         1.000000        0.7758157    
     41.00000         1.000000         1.283215    
     42.00000         3.000000         2.071917    
     43.00000         3.000000         3.267599    
     44.00000         4.000000         5.036174    
     45.00000         9.000000         7.589456    
     46.00000         10.00000         11.18866    
     47.00000         20.00000         16.14375    
     48.00000         23.00000         22.80798    
     49.00000         43.00000         31.56574    
     50.00000         50.00000         42.81227    
     51.00000         50.00000         56.92724    
     52.00000         73.00000         74.24066    
     53.00000         98.00000         94.99277    
     54.00000         123.0000         119.2938    
     55.00000         148.0000         147.0900    
     56.00000         172.0000         178.1217    
     57.00000         233.0000         211.9174    
     58.00000         242.0000         247.7775    
     59.00000         283.0000         284.7955    
     60.00000         334.0000         321.8874    
     61.00000         302.0000         357.8484    
     62.00000         362.0000         391.4110    
     63.00000         475.0000         421.3234    
     64.00000         433.0000         446.4359    
     65.00000         486.0000         465.7683    
     66.00000         451.0000         478.5764    
     67.00000         496.0000         484.3915    
     68.00000         485.0000         483.0755    
     69.00000         468.0000         474.7752    
     70.00000         483.0000         459.9536    
     71.00000         446.0000         439.3174    
     72.00000         389.0000         413.7816    
     73.00000         379.0000         384.3912    
     74.00000         349.0000         352.2599    
     75.00000         303.0000         318.5133    
     76.00000         273.0000         284.2080    
     77.00000         245.0000         250.3052    
     78.00000         216.0000         217.6197    
     79.00000         199.0000         186.8089    
     80.00000         182.0000         158.3540    
     81.00000         124.0000         132.5771    
     82.00000         123.0000         109.6428    
     83.00000         86.00000         89.58247    
     84.00000         72.00000         72.32160    
     85.00000         56.00000         57.69958    
     86.00000         44.00000         45.49879    
     87.00000         31.00000         35.46529    
     88.00000         30.00000         27.33034    
     89.00000         23.00000         20.82466    
     90.00000         13.00000         15.69128    
     91.00000         17.00000         11.69349    
     92.00000         7.000000         8.619395    
     93.00000         5.000000         6.285207    
     94.00000         9.000000         4.534367    
     95.00000         6.000000         3.236796    
     96.00000         3.000000         2.286495    
     97.00000         3.000000         1.598531    
     98.00000         1.000000         1.106167    
     102.0000         1.000000        0.2293788    
